$ 1 0.000005 0.48711659992454737 61 5 43 5e-11
415 208 256 208 144 0 0.5 1 0.15 0.15 0.02 0.05 1 0
374 208 144 352 144 0 0.6139 Light\sBrightness
r 352 144 448 144 0 10000
414 448 144 528 144 0 1 0 1000 1
w 544 144 608 144 0
w 608 144 608 432 0
w 208 432 608 432 0
w 544 272 400 272 0
v 208 432 208 304 0 0 40 9 0 0 0.5
s 208 304 208 256 0 0 false
v 400 272 400 176 0 0 40 5 0 0 0.5
r 544 176 544 224 0 1000
181 544 272 544 224 0 300.0000196492823 100 120 0.4 0.4
w 400 176 448 176 0
38 3 F1 5 1 1000 -1 On\sResistance
38 3 F1 6 1 1000 -1 Off\sResistance
38 3 F1 3 1 1000 -1 On\sDelay
38 3 F1 4 1 1000 -1 Off\sDelay
