$ 1 0.000005 2.688763906446752 71 5 43 5e-11
415 208 256 208 144 0 500 1 0.15 0.15 0.02 0.05 1 0
374 208 144 352 144 0 0.0001 Light\sBrightness
w 608 144 608 432 0
w 208 432 608 432 0
w 544 272 400 272 0
v 208 432 208 304 0 0 40 9 0 0 0.5
s 208 304 208 256 0 0 false
v 400 272 400 176 0 0 40 9 0 0 0.5
414 448 144 512 144 0 1 0 1 10000000
w 352 144 448 144 0
R 304 256 256 256 0 0 40 5 0 0 0.5
s 304 256 368 256 0 1 false
w 576 208 544 272 0
g 544 64 592 64 0 0
w 544 176 576 160 0
w 544 144 608 144 0
w 576 160 512 96 0
w 512 96 416 80 0
w 416 80 400 176 0
