$ 1 0.000005 2.688763906446752 69 5 43 5e-11
415 208 256 208 144 0 500 1 0.15 0.15 0.02 0.05 1 0
374 208 144 352 144 0 0.7426 Light\sBrightness
w 608 144 608 432 0
w 208 432 608 432 0
v 208 432 208 304 0 0 40 9 0 0 0.5
s 208 304 208 256 0 0 false
w 352 144 448 144 0
w 544 144 608 144 0
178 448 112 544 112 6 1 590.41 0.0003475281321231858 1 1 0.02 20 0.015 0.005 0
v 448 112 448 0 0 0 40 12 0 0 0.5
181 544 96 544 0 0 359.2903631807622 100 120 0.4 0.4
w 448 0 544 0 0
38 1 F1 0 1 1000 -1 Slider\sText
38 8 F1 1 1 1000 -1 On\sResistance
38 8 F1 2 1 1000 -1 Off\sResistance
38 8 F1 0 1 1000 -1 Inductance
