$ 1 0.000005 382.76258214399064 48 5 43 5e-11
374 208 144 352 144 0 0.0001 Light\sBrightness
w 608 144 608 432 0
w 208 432 608 432 0
v 208 432 208 304 0 0 40 100 0 0 0.5
s 208 304 208 256 0 0 false
178 448 112 544 112 6 1 0.2 0.0009997555963730345 0.05 1000000 0.02 20 0.02 0.005 0
v 400 112 400 32 0 0 40 5 0 0 0.5
w 544 32 544 96 0
r 400 32 544 32 0 100
w 400 112 448 112 0
w 352 144 448 144 0
w 544 144 608 144 0
415 208 256 208 144 0 0.000001 5 0.15 0.15 0.02 0.05 10 0
38 5 F1 1 1 1000 -1 On\sResistance
38 5 F1 2 1 1000 -1 Off\sResistance
38 5 F1 0 1 1000 -1 Inductance
