$ 1 0.000005 382.76258214399064 58 5 43 5e-11
374 208 144 352 144 0 0.9901000000000001 Light\sBrightness
w 608 144 608 432 0
w 208 432 608 432 0
v 208 432 208 304 0 0 40 18 0 0 0.5
s 208 304 208 256 0 1 false
v 400 112 400 32 0 0 40 5 0 0 0.5
w 544 32 544 96 0
r 400 32 544 32 0 100
w 400 112 448 112 0
w 544 144 608 144 0
415 208 256 208 144 0 0.000001 5 500 0.15 0.002 0.05 10 0
414 448 112 512 112 0 0.25 0.25 1000 10000000
w 544 112 544 96 0
w 352 144 368 144 0
r 368 144 432 144 0 1000
w 432 144 448 144 0
